,1
,1
,1
,1
,1
,1
,1
,1
,1
,1
m,1
w,1
t,1
,1
,2
,2
,2
,2
,2
,2
,2
,2
,2
,2
,2
A,2
C,2
J,2
N,2
R,2
X,2
Z,2
\,2
g,2
i,2
j,2
k,2
n,2
q,2
},2
,2
,2
,2
,2
,2
,2
,2
,2
,2
y,2
v,2
,2
,2
,2
T,2
,2
,2
,2
,2
l,2
X,2
,2
,2
c,2
k,2
q,2
{,2
,2
,2
,2
,2
,2
,2
,2
\,2
m,2
,2
,2
,2
,2
,3
,3
,3
,3
,3
,3
,3
,3
,3
,3
,3
,3
,3
,3
,3
,3
,3
,3
,3
,3
,3
,3
,3
,3
,3
,3
E,3
G,3
I,3
L,3
P,3
T,3
V,3
^,3
`,3
c,3
e,3
~,3
,3
,3
,3
x,3
u,3
p,3
s,3
,3
,3
O,3
,3
,3
^,3
,3
,3
v,3
,3
,3
,3
S,3
Y,3
},3
n,3
,3
,3
,3
,3
,3
,3
y,3
m,3
,3
,3
[,3
,3
,3
q,3
r,3
~,3
,3
,3
,3
,3
,3
R,3
,3
,3
H,3
,3
,3
,3
,3
,3
,3
,3
M,3
O,3
T,3
|,3
_,3
c,3
e,3
,3
,4
,4
,4
,4
,4
,4
,4
,4
,4
,4
,4
,4
,4
l,4
z,4
K,4
O,4
S,4
Y,4
[,4
],4
h,4
o,4
r,4
s,4
,4
N,4
,4
O,4
V,4
,4
\,4
],4
,4
,4
,4
,4
Y,4
m,4
,4
,4
,4
w,4
,4
,4
,4
,4
,4
,4
,4
,4
Z,4
a,4
,4
~,4
,4
,4
,4
,4
,4
,4
,4
,4
,4
,4
C,4
,4
,4
,4
,4
,4
,4
,4
y,4
F,4
o,4
,4
p,4
V,4
,4
v,4
,4
,4
E,4
,4
,4
,4
,4
,4
b,4
,4
,4
,4
,4
,4
V,4
S,4
,4
,4
,4
H,4
x,4
,4
,4
,4
l,4
,4
,4
,4
,4
,4
H,4
,4
,4
,4
~,4
e,4
t,4
x,4
,4
,4
,4
,4
,4
,4
,4
,4
,4
,4
,4
,4
,4
,4
,4
,5
,5
,5
,5
,5
,5
,5
,5
,5
,5
,5
,5
M,5
Q,5
U,5
W,5
_,5
a,5
d,5
f,5
|,5
,5
,5
,5
,5
u,5
,5
,5
,5
,5
,5
,5
R,5
e,5
d,5
,5
,5
t,5
,5
,5
,5
,5
,5
,5
,5
Z,5
f,5
,5
e,5
,5
~,5
,5
,5
,5
,5
o,5
,5
,5
,5
,5
,5
,5
k,5
x,5
,5
,5
,5
,5
K,5
,5
,5
,5
,5
,5
@,5
,5
,5
,5
,5
,5
,5
,5
j,5
E,5
,5
,5
i,5
,5
d,5
,5
l,5
,5
,5
O,5
,5
,5
,5
,5
z,5
s,5
,5
,5
K,5
,5
,5
,5
I,5
,5
s,5
z,5
,5
c,5
,5
L,5
,5
,5
,5
,5
O,5
K,5
,5
,5
,5
,5
,5
U,5
,5
,5
,5
{,5
D,5
Q,5
,5
,5
,5
,5
X,5
i,5
,5
,5
`,5
,5
,5
,5
,5
,5
,5
p,5
c,5
R,5
b,5
\,5
D,5
,5
,5
,5
M,5
,5
,5
,5
,5
,5
,5
,5
,5
,5
,5
,5
,5
,5
,6
,6
,6
,6
,6
{,6
,6
,6
,6
j,6
i,6
,6
,6
,6
,6
,6
,6
,6
,6
C,6
,6
,6
,6
,6
,6
,6
,6
x,6
,6
,6
`,6
[,6
,6
,6
,6
,6
S,6
,6
,6
u,6
s,6
t,6
r,6
},6
,6
,6
Y,6
,6
,6
,6
,6
,6
,6
,6
,6
,6
,6
,6
h,6
e,6
,6
g,6
,6
D,6
,6
,6
@,6
,6
f,6
,6
,6
,6
c,6
,6
\,6
n,6
,6
,6
s,6
g,6
,6
,6
,6
,6
@,6
D,6
A,6
@,6
,6
,6
,6
,6
,6
F,6
,6
,6
,6
,6
s,6
,6
B,6
,6
,6
N,6
,6
,6
,6
,6
o,6
,6
u,6
Z,6
,6
,6
^,6
,6
,6
K,6
I,6
L,6
J,6
M,6
,6
,6
,6
|,6
,6
{,6
,6
,6
g,6
L,6
,6
p,6
S,6
V,6
U,6
,6
,6
R,6
T,6
,6
,6
,6
C,6
,6
,6
,6
,6
,6
,6
],6
r,6
,6
,6
D,6
,6
,6
,6
Z,6
S,6
|,6
,6
,6
,6
,6
r,6
H,6
V,6
l,6
,6
,6
,6
,6
,6
],6
,6
,6
,6
P,6
,6
C,6
M,6
,6
F,6
,6
,6
,6
g,6
,6
,6
s,6
,6
G,6
,6
,6
v,6
,6
,7
,7
h,7
,7
,7
,7
,7
,7
,7
,7
,7
,7
L,7
f,7
,7
,7
,7
A,7
,7
,7
,7
Z,7
,7
C,7
,7
,7
,7
],7
,7
,7
,7
,7
C,7
,7
[,7
e,7
,7
,7
g,7
,7
v,7
,7
,7
,7
,7
,7
,7
,7
,7
,7
w,7
,7
,7
,7
,7
J,7
,7
,7
,7
p,7
,7
N,7
,7
,7
i,7
,7
,7
,7
,7
,7
,7
,7
z,7
,7
,7
,7
,7
,7
,7
C,7
,7
,7
,7
,7
,7
,7
,7
,7
,7
},7
,7
,7
,7
,7
V,7
,7
,7
,7
B,7
,7
,7
,7
,7
,7
D,7
J,7
W,7
d,7
,7
,7
B,7
E,7
,7
W,7
t,7
u,7
y,7
F,7
v,7
,7
,7
G,7
,7
,7
,7
,7
A,7
,7
,7
,7
,7
,7
,7
,7
,7
,7
,7
,7
,7
,7
,7
P,7
M,7
,7
`,7
f,7
,7
,7
E,7
u,7
Y,7
,7
w,7
,7
,7
y,7
x,7
v,7
,7
,7
,7
,7
},7
,7
N,7
Q,7
Z,7
O,7
V,7
,7
P,7
c,7
},7
R,7
S,7
W,7
,7
T,7
R,7
,7
,7
,7
,7
,7
U,7
|,7
,7
X,7
I,7
W,7
,7
,7
,7
,7
,7
,7
,7
Z,7
m,7
X,7
,7
Y,7
,7
,7
[,7
\,7
,7
,7
,7
,7
,7
,7
,7
,7
,7
D,7
,7
,7
,7
,7
,7
,7
,7
,7
,7
,7
,7
,7
,7
v,7
,7
,7
,7
,7
,7
S,7
,7
,7
,7
,7
,7
,7
,7
B,7
,7
T,7
j,7
,7
,7
U,7
j,7
,7
,7
,7
,7
,7
G,7
,7
,7
,7
,7
n,7
,7
,7
,7
I,7
,7
,7
,7
b,7
,7
,7
,7
,7
,7
,7
F,7
|,7
,7
p,7
,7
J,7
,7
,7
,7
L,7
,7
,7
,7
g,7
,7
h,7
C,7
H,7
I,7
,7
},7
,7
,7
W,7
,7
M,7
,7
,7
,7
,7
,7
,7
,7
,7
h,7
,7
,8
,8
,8
,8
,8
,8
,8
,8
,8
,8
,8
,8
,8
,8
,8
g,8
,8
,8
,8
,8
,8
,8
,8
,8
,8
,8
,8
,8
,8
D,8
,8
,8
,8
,8
Z,8
\,8
_,8
,8
,8
T,8
,8
w,8
~,8
,8
,8
,8
,8
,8
,8
,8
,8
h,8
,8
,8
,8
,8
N,8
,8
,8
,8
T,8
,8
Q,8
f,8
,8
,8
,8
,8
,8
,8
,8
,8
,8
,8
,8
,8
,8
,8
,8
,8
,8
,8
a,8
,8
,8
,8
,8
,8
,8
,8
,8
,8
R,8
,8
,8
,8
,8
,8
,8
,8
,8
,8
,8
z,8
i,8
F,8
,8
,8
,8
G,8
o,8
n,8
,8
,8
,8
,8
,8
G,8
,8
v,8
w,8
,8
@,8
,8
,8
,8
,8
X,8
,8
,8
,8
,8
,8
,8
,8
,8
,8
Z,8
,8
,8
,8
,8
x,8
,8
,8
,8
,8
,8
,8
,8
,8
,8
,8
,8
,8
K,8
,8
,8
X,8
M,8
{,8
,8
N,8
,8
,8
W,8
,8
i,8
,8
,8
h,8
g,8
a,8
z,8
,8
O,8
,8
|,8
,8
,8
,8
|,8
,8
,8
,8
},8
,8
,8
,8
,8
,8
,8
,8
,8
,8
[,8
,8
,8
e,8
,8
,8
,8
,8
,8
Z,8
,8
,8
c,8
S,8
],8
d,8
_,8
f,8
b,8
a,8
,8
,8
Y,8
,8
,8
U,8
X,8
S,8
,8
,8
q,8
,8
g,8
,8
,8
,8
,8
,8
,8
,8
,8
,8
,8
,8
,8
,8
,8
,8
,8
,8
a,8
Y,8
t,8
^,8
,8
,8
,8
n,8
f,8
`,8
,8
,8
f,8
,8
],8
c,8
b,8
,8
,8
,8
,8
,8
},8
g,8
e,8
,8
d,8
_,8
,8
,8
,8
,8
f,8
g,8
,8
,8
z,8
,8
,8
B,8
,8
,8
,8
,8
,8
,8
,8
,8
,8
,8
,8
,8
,8
,8
,8
,8
,8
,8
@,8
,8
,8
,8
,8
A,8
g,8
,8
D,8
,8
,8
,8
,8
j,8
F,8
,8
,8
u,8
t,8
,8
,8
,8
,8
q,8
,8
,8
,8
,8
,8
_,8
,8
,8
C,8
,8
V,8
k,8
l,8
I,8
,8
,8
,8
m,8
,8
J,8
V,8
F,8
,8
\,8
u,8
,8
,8
,8
,8
,8
,8
,8
,8
,8
,8
,8
,8
b,8
,8
,8
m,8
n,8
,8
,8
,8
q,8
,8
,8
H,8
,8
,8
,8
m,8
c,8
,8
,8
,8
,8
c,8
,8
,8
p,8
,8
,8
s,8
,8
l,8
\,8
,8
a,8
,8
,8
R,8
q,8
,8
,8
,8
,8
@,8
,8
,8
,8
,8
,8
j,8
,8
,8
,8
,8
,8
,8
J,8
,8
,8
,8
,9
,9
,9
,9
,9
,9
N,9
,9
,9
W,9
,9
,9
r,9
,9
,9
,9
,9
,9
,9
,9
,9
,9
,9
M,9
,9
,9
,9
`,9
h,9
`,9
,9
,9
,9
,9
,9
,9
,9
,9
O,9
,9
,9
u,9
,9
E,9
,9
,9
,9
P,9
,9
,9
,9
,9
,9
,9
,9
,9
B,9
,9
,9
@,9
,9
],9
,9
P,9
,9
D,9
,9
C,9
,9
i,9
A,9
,9
,9
,9
,9
E,9
,9
,9
,9
^,9
,9
,9
C,9
_,9
,9
,9
,9
,9
,9
,9
,9
t,9
,9
_,9
,9
K,9
L,9
I,9
W,9
,9
H,9
,9
,9
,9
p,9
,9
,9
w,9
q,9
,9
,9
G,9
,9
,9
,9
,9
r,9
,9
,9
,9
,9
,9
,9
J,9
,9
,9
,9
H,9
,9
x,9
,9
,9
U,9
,9
X,9
^,9
`,9
F,9
,9
m,9
k,9
j,9
,9
,9
,9
{,9
v,9
,9
},9
,9
,9
,9
,9
,9
,9
,9
P,9
,9
~,9
,9
,9
,9
,9
,9
,9
,9
,9
G,9
[,9
`,9
,9
@,9
h,9
m,9
i,9
n,9
A,9
,9
E,9
,9
k,9
w,9
,9
g,9
,9
,9
j,9
,9
,9
,9
{,9
V,9
,9
,9
f,9
t,9
,9
,9
,9
,9
,9
,9
,9
,9
E,9
J,9
K,9
,9
k,9
i,9
,9
g,9
m,9
s,9
,9
,9
u,9
A,9
t,9
,9
^,9
,9
,9
_,9
,9
M,9
p,9
o,9
q,9
n,9
v,9
l,9
j,9
r,9
h,9
,9
,9
,9
,9
,9
,9
`,9
,9
,9
h,9
c,9
i,9
h,9
w,9
i,9
,9
,9
m,9
,9
,9
,9
,9
,9
,9
,9
,9
k,9
^,9
,9
F,9
,9
,9
,9
,9
,9
,9
h,9
,9
,9
C,9
x,9
Y,9
{,9
v,9
z,9
y,9
_,9
,9
,9
,9
,9
,9
,9
,9
,9
,9
,9
,9
,9
,9
,9
,9
,9
,9
,9
X,9
,9
,9
D,9
F,9
G,9
E,9
r,9
[,9
Y,9
X,9
,9
E,9
W,9
,9
,9
n,9
m,9
u,9
,9
,9
F,9
c,9
,9
u,9
~,9
m,9
,9
,9
,9
,9
,9
,9
,9
,9
,9
,9
,9
,9
,9
,9
,9
,9
,9
_,9
S,9
c,9
j,9
_,9
Z,9
[,9
H,9
,9
b,9
],9
v,9
,9
,9
,9
,9
,9
,9
,9
,9
,9
H,9
,9
I,9
@,9
,9
g,9
,9
,9
,9
,9
,9
,9
,9
,9
x,9
,9
,9
_,9
w,9
,9
,9
,9
,9
,9
,9
E,9
,9
,9
,9
,9
L,9
k,9
l,9
,9
,9
,9
,9
,9
,9
,9
,9
,9
,9
,9
,9
,9
,9
,9
,9
,9
,9
,9
,9
,9
,9
,9
,9
r,9
,9
s,9
,9
,9
,9
,9
,9
,9
,9
,9
,9
,9
v,9
,9
],9
v,9
,9
,9
,9
O,9
R,9
,9
,9
,9
,9
,9
,9
,9
,9
,9
,9
,9
t,9
,9
,9
x,9
Y,9
,9
U,9
d,9
x,9
,9
,9
,9
,9
,9
v,9
,9
,9
,9
,9
,9
,9
H,9
,9
,9
,9
,10
,10
C,10
,10
o,10
U,10
,10
,10
,10
,10
,10
,10
q,10
,10
{,10
,10
|,10
,10
,10
,10
,10
,10
,10
,10
l,10
,10
,10
,10
,10
,10
,10
,10
`,10
,10
,10
},10
,10
i,10
n,10
l,10
,10
m,10
,10
x,10
y,10
y,10
,10
,10
,10
U,10
,10
,10
,10
,10
,10
,10
,10
,10
,10
,10
,10
,10
,10
N,10
F,10
G,10
,10
,10
L,10
K,10
N,10
M,10
J,10
S,10
,10
O,10
H,10
,10
I,10
,10
,10
,10
,10
,10
,10
,10
,10
,10
,10
,10
,10
,10
,10
,10
P,10
Q,10
O,10
,10
R,10
P,10
N,10
P,10
M,10
,10
,10
,10
{,10
,10
Q,10
,10
,10
,10
,10
e,10
,10
,10
,10
,10
,10
,10
W,10
,10
,10
,10
,10
,10
,10
,10
,10
s,10
,10
,10
t,10
,10
,10
A,10
,10
,10
,10
Q,10
,10
,10
l,10
k,10
],10
,10
,10
,10
,10
,10
,10
,10
p,10
,10
,10
,10
b,10
,10
,10
,10
,10
,10
,10
,10
,10
,10
,10
,10
,10
,10
x,10
,10
Y,10
,10
,10
\,10
l,10
,10
,10
,10
U,10
,10
,10
p,10
},10
,10
J,10
q,10
s,10
o,10
,10
,10
{,10
,10
q,10
,10
,10
,10
,10
,10
,10
,10
,10
,10
W,10
,10
,10
W,10
,10
N,10
,10
,10
,10
N,10
,10
,10
I,10
x,10
Z,10
,10
z,10
,10
,10
},10
,10
j,10
,10
i,10
,10
{,10
,10
j,10
,10
y,10
,10
|,10
~,10
,10
K,10
,10
j,10
,10
,10
V,10
,10
O,10
~,10
},10
,10
c,10
u,10
E,10
,10
,10
,10
,10
,10
,10
l,10
,10
,10
Y,10
_,10
Q,10
\,10
,10
,10
Z,10
,10
,10
,10
O,10
,10
,10
,10
,10
,10
,10
,10
},10
G,10
,10
~,10
|,10
,10
,10
K,10
,10
T,10
,10
,10
,10
,10
],10
,10
,10
,10
,10
,10
,10
\,10
Z,10
{,10
,10
,10
v,10
,10
p,10
r,10
t,10
],10
u,10
s,10
,10
o,10
q,10
a,10
,10
,10
,10
v,10
,10
,10
,10
^,10
,10
,10
,10
,10
,10
,10
,10
u,10
,10
m,10
C,10
j,10
v,10
{,10
P,10
O,10
L,10
N,10
M,10
K,10
I,10
,10
,10
d,10
`,10
a,10
,10
`,10
^,10
,10
_,10
,10
w,10
,10
,10
,10
,10
,10
,10
,10
,10
,10
,10
,10
,10
,10
,10
,10
C,10
,10
[,10
R,10
,10
B,10
,10
h,10
,10
,10
A,10
f,10
a,10
,10
,10
,10
,10
,10
,10
,10
,10
,10
,10
k,10
,10
,10
,10
^,10
,10
,10
,10
,10
,10
\,10
,10
,10
,10
e,10
,10
,10
v,10
r,10
t,10
q,10
u,10
,10
,10
,10
,10
,10
,10
,10
,10
,10
,10
,10
,10
,10
,10
,10
,10
,10
t,10
`,10
,10
,10
,10
,10
i,10
,10
q,10
r,10
m,10
\,10
n,10
a,10
o,10
p,10
,10
,10
,10
,10
,10
,10
,10
,10
,10
,10
,10
,10
u,10
`,10
,10
_,10
P,10
^,10
,10
L,10
,10
^,10
,10
,10
v,10
,10
N,10
Z,10
,10
J,10
,10
,10
,10
,10
,10
,10
,10
,10
r,10
,10
,10
,10
,10
A,10
,10
S,10
,10
,10
,10
z,10
,10
,10
,10
B,10
,10
,10
j,10
,10
,10
M,10
~,10
,10
,10
,10
,10
,10
@,10
w,10
,10
,10
,10
,10
,10
Q,10
n,10
,10
,10
,10
,10
,10
,10
S,10
,11
T,11
,11
,11
,11
,11
,11
,11
,11
,11
,11
,11
,11
,11
,11
,11
,11
,11
,11
,11
U,11
,11
j,11
y,11
,11
,11
,11
,11
,11
,11
,11
,11
,11
,11
,11
,11
,11
,11
,11
,11
,11
,11
S,11
B,11
,11
Y,11
X,11
O,11
,11
P,11
,11
U,11
,11
R,11
,11
[,11
V,11
W,11
T,11
Z,11
Q,11
,11
,11
,11
W,11
,11
u,11
,11
,11
,11
|,11
,11
,11
x,11
,11
,11
,11
,11
,11
V,11
W,11
,11
S,11
K,11
k,11
U,11
,11
X,11
w,11
Y,11
T,11
x,11
h,11
,11
,11
,11
,11
,11
,11
,11
,11
,11
,11
,11
,11
,11
,11
,11
,11
R,11
,11
,11
,11
,11
,11
,11
,11
,11
,11
,11
,11
,11
,11
,11
,11
N,11
f,11
,11
,11
Y,11
a,11
,11
V,11
,11
j,11
,11
p,11
o,11
n,11
q,11
,11
I,11
,11
,11
,11
,11
,11
,11
,11
,11
,11
,11
,11
,11
,11
,11
,11
,11
S,11
,11
,11
,11
,11
,11
,11
,11
~,11
,11
,11
x,11
,11
,11
P,11
v,11
|,11
,11
{,11
u,11
z,11
r,11
t,11
@,11
|,11
|,11
,11
,11
T,11
,11
T,11
,11
,11
[,11
w,11
d,11
f,11
,11
},11
,11
~,11
,11
,11
s,11
,11
,11
,11
,11
,11
a,11
f,11
,11
,11
,11
,11
,11
,11
,11
,11
A,11
,11
,11
,11
,11
],11
L,11
],11
,11
,11
,11
,11
,11
,11
,11
,11
,11
,11
,11
,11
[,11
,11
,11
,11
,11
,11
,11
,11
,11
,11
,11
B,11
,11
,11
,11
,11
,11
,11
,11
~,11
W,11
V,11
j,11
k,11
|,11
{,11
U,11
t,11
,11
,11
,11
,11
,11
,11
,11
,11
,11
i,11
,11
,11
,11
,11
,11
W,11
,11
,11
,11
,11
,11
,11
,11
[,11
~,11
,11
,11
,11
,11
Y,11
,11
,11
,11
,11
,11
a,11
k,11
,11
w,11
B,11
,11
,11
u,11
,11
,11
,11
,11
,11
,11
,11
,11
,11
,11
,11
,11
,11
,11
,11
,11
,11
@,11
r,11
I,11
H,11
[,11
Y,11
L,11
^,11
,11
l,11
_,11
],11
,11
`,11
x,11
w,11
y,11
,11
,11
,11
H,11
,11
,11
,11
,11
,11
,11
,11
,11
,11
[,11
,11
,11
,11
,11
,11
,11
y,11
,11
,11
,11
,11
,11
J,11
,11
},11
y,11
,11
,11
,11
,11
,11
,11
,11
,11
,11
e,11
S,11
l,11
,11
,11
F,11
,11
,11
G,11
a,11
I,11
,11
,11
H,11
I,11
,11
g,11
D,11
J,11
E,11
o,11
,11
,11
,11
,11
,11
K,11
,11
,11
,11
r,11
,11
,11
,11
,11
E,11
],11
m,11
w,11
,11
,11
,11
v,11
D,11
,11
,11
,11
,11
,11
,11
,11
,11
,11
,11
,11
,11
,11
,11
,11
,11
,11
,11
,11
,11
,11
e,11
,11
,11
,11
,11
G,11
,11
|,11
,11
z,11
t,11
w,11
s,11
u,11
v,11
,11
x,11
`,11
u,11
a,11
,11
p,11
U,11
,11
,11
,11
,11
,11
,11
,11
,11
,11
,11
,11
,11
K,11
K,11
,11
a,11
b,11
,11
,11
c,11
K,11
,11
,11
,11
,11
,11
,11
n,11
,11
,11
,11
,11
,11
,11
,11
,11
,11
,11
,11
,11
b,11
,11
],11
c,11
,11
,11
,11
,11
,11
,11
,11
,11
,11
,11
,11
,11
T,11
i,11
,11
,11
s,11
X,11
,11
s,11
,11
,11
,11
,11
,11
,11
t,11
,11
,11
,11
,11
y,11
,11
z,11
,11
,11
A,11
,11
,11
,11
,11
,11
,11
,11
,11
,11
,11
,11
,11
,11
c,11
,11
,11
b,11
,11
m,11
o,11
,11
,11
,11
,12
,12
T,12
,12
P,12
,12
,12
,12
,12
M,12
,12
,12
,12
n,12
,12
,12
,12
,12
,12
,12
,12
~,12
X,12
`,12
e,12
a,12
\,12
f,12
P,12
h,12
A,12
^,12
,12
b,12
[,12
,12
,12
,12
c,12
_,12
,12
i,12
g,12
r,12
i,12
,12
d,12
,12
c,12
,12
,12
,12
,12
,12
,12
,12
,12
,12
,12
,12
,12
,12
g,12
,12
,12
,12
,12
,12
,12
,12
,12
,12
,12
,12
,12
,12
},12
Z,12
Q,12
,12
x,12
,12
,12
,12
,12
,12
q,12
A,12
,12
j,12
,12
,12
,12
,12
,12
,12
,12
,12
F,12
X,12
,12
,12
,12
,12
,12
,12
,12
,12
p,12
L,12
U,12
J,12
e,12
d,12
,12
r,12
,12
z,12
,12
{,12
,12
f,12
,12
y,12
,12
,12
,12
,12
,12
,12
,12
,12
,12
,12
,12
,12
Q,12
@,12
,12
,12
,12
y,12
,12
,12
,12
,12
,12
,12
`,12
,12
,12
K,12
g,12
,12
,12
,12
,12
,12
,12
,12
h,12
,12
,12
,12
U,12
,12
h,12
k,12
,12
,12
z,12
,12
,12
,12
i,12
,12
,12
,12
q,12
,12
,12
,12
\,12
,12
,12
,12
M,12
,12
,12
,12
,12
,12
,12
_,12
,12
,12
,12
,12
I,12
,12
,12
,12
,12
,12
X,12
,12
,12
,12
,12
o,12
,12
,12
,12
,12
,12
,12
A,12
,12
,12
,12
,12
,12
,12
,12
,12
,12
,12
,12
,12
,12
,12
Y,12
\,12
,12
,12
,12
l,12
B,12
k,12
v,12
~,12
},12
,12
,12
,12
,12
,12
,12
n,12
,12
,12
,12
Q,12
,12
,12
,12
,12
,12
`,12
,12
,12
,12
,12
,12
,12
,12
,12
,12
X,12
,12
N,12
,12
,12
,12
,12
,12
p,12
,12
,12
,12
,12
,12
,12
,12
,12
,12
,12
,12
R,12
,12
,12
,12
,12
v,12
,12
,12
,12
,12
,12
L,12
,12
,12
P,12
,12
,12
,12
,12
,12
,12
i,12
,12
,12
S,12
,12
`,12
a,12
,12
f,12
a,12
,12
z,12
,12
|,12
,12
{,12
o,12
,12
,12
,12
,12
X,12
,12
,12
Z,12
,12
,12
d,12
,12
,12
,12
\,12
H,12
b,12
,12
c,12
,12
{,12
x,12
z,12
,12
v,12
,12
,12
,12
,12
M,12
,12
,12
,12
,12
,12
,12
,12
},12
,12
,12
,12
,12
,12
,12
,12
,12
,12
,12
,12
,12
,12
M,12
Q,12
,12
L,12
i,12
,12
,12
R,12
,12
O,12
P,12
,12
N,12
K,12
G,12
,12
,12
,12
,12
,12
E,12
,12
B,12
A,12
,12
t,12
D,12
C,12
o,12
r,12
,12
w,12
,12
,12
,12
,12
,12
,12
p,12
,12
,12
,12
H,12
,12
,12
,12
,12
,12
,12
,12
,12
,12
,12
,12
,12
,12
,12
,12
,12
,12
t,12
,12
,12
{,12
^,12
,12
|,12
,12
,12
},12
~,12
g,12
,12
,12
O,12
X,12
,12
,12
,12
T,12
,12
,12
,12
H,12
`,12
L,12
o,12
W,12
X,12
Y,12
i,12
d,12
f,12
,12
,12
e,12
h,12
i,12
,12
,12
g,12
,12
],12
f,12
,12
r,12
,12
,12
,12
,12
,12
,12
M,12
,12
,12
,12
,12
\,12
,12
f,12
,12
,12
,12
,12
,12
z,12
,12
,12
,12
,12
,12
,12
,12
[,12
f,12
,12
e,12
d,12
y,12
,12
,12
,12
,12
,12
x,12
,12
V,12
^,12
,12
,12
,12
B,12
y,12
,12
|,12
,12
,12
,12
,12
,12
,12
b,12
,12
,12
,12
,12
n,12
,12
J,12
[,12
,12
,12
{,12
|,12
z,12
,12
G,12
,12
@,12
,12
K,12
,12
,12
Y,12
W,12
,12
,12
_,12
,12
x,12
,12
,12
,12
{,12
C,12
,12
f,12
g,12
o,12
,12
,13
,13
,13
b,13
,13
B,13
,13
,13
,13
X,13
C,13
,13
@,13
A,13
,13
m,13
,13
,13
,13
,13
,13
,13
,13
,13
m,13
k,13
,13
p,13
j,13
n,13
l,13
k,13
o,13
Q,13
,13
,13
,13
,13
Y,13
,13
h,13
,13
,13
,13
,13
,13
U,13
,13
,13
,13
,13
,13
,13
[,13
_,13
\,13
,13
^,13
,13
],13
,13
k,13
y,13
,13
Q,13
,13
,13
,13
,13
,13
y,13
,13
,13
,13
,13
,13
Z,13
b,13
s,13
,13
,13
z,13
,13
,13
D,13
,13
,13
,13
,13
,13
,13
,13
,13
,13
,13
,13
,13
,13
,13
,13
,13
T,13
S,13
,13
A,13
,13
~,13
,13
,13
,13
,13
,13
,13
r,13
,13
,13
,13
,13
,13
g,13
,13
,13
,13
,13
V,13
,13
,13
,13
,13
,13
g,13
,13
,13
,13
,13
,13
,13
,13
,13
,13
,13
k,13
,13
,13
,13
,13
^,13
,13
,13
,13
,13
,13
,13
,13
,13
,13
,13
|,13
,13
,13
,13
,13
,13
,13
O,13
y,13
,13
,13
\,13
[,13
,13
a,13
,13
,13
,13
,13
,13
,13
a,13
,13
,13
,13
,13
,13
,13
n,13
,13
M,13
,13
,13
,13
,13
,13
,13
,13
,13
,13
,13
,13
,13
,13
,13
,13
,13
,13
,13
,13
,13
,13
,13
,13
,13
,13
,13
,13
,13
Q,13
,13
,13
,13
,13
,13
,13
,13
,13
l,13
,13
,13
,13
,13
R,13
c,13
,13
b,13
,13
,13
,13
s,13
,13
,13
},13
~,13
,13
,13
,13
,13
,13
,13
,13
,13
,13
r,13
,13
,13
,13
,13
,13
,13
,13
,13
V,13
,13
O,13
,13
q,13
,13
Q,13
R,13
h,13
,13
T,13
,13
,13
,13
,13
,13
B,13
d,13
e,13
t,13
,13
g,13
f,13
A,13
G,13
,13
,13
,13
,13
,13
,13
,13
,13
,13
,13
,13
,13
,13
,13
U,13
,13
W,13
T,13
V,13
S,13
p,13
,13
X,13
,13
,13
,13
,13
r,13
u,13
,13
,13
Q,13
A,13
`,13
,13
,13
,13
,13
,13
,13
T,13
H,13
I,13
,13
G,13
,13
F,13
J,13
,13
,13
B,13
n,13
x,13
,13
,13
,13
,13
,13
,13
,13
,13
,13
,13
,13
,13
,13
,13
,13
,13
,13
,13
K,13
,13
,13
,13
,13
,13
,13
~,13
u,13
,13
,13
j,13
,13
,13
,13
,13
,13
I,13
,13
,13
,13
,13
,13
,13
,13
,13
,13
,13
,13
,13
,13
,13
,13
,13
,13
,13
,13
,13
,13
,13
G,13
m,13
w,13
,13
,13
l,13
l,13
k,13
F,13
l,13
b,13
Y,13
,13
j,13
o,13
p,13
n,13
,13
_,13
,13
L,13
,13
,13
,13
,13
G,13
,13
d,13
,13
,13
,13
,13
G,13
,13
,13
,13
,13
,13
,13
H,13
,13
H,13
],13
g,13
r,13
i,13
,13
h,13
q,13
,13
,13
_,13
N,13
,13
,13
,13
,13
,13
,13
,13
,13
,13
,13
,13
,13
,13
,13
V,13
,13
,13
,13
S,13
,13
,13
,13
,13
,13
,13
,13
,13
,13
,13
,13
,13
z,13
},13
~,13
,13
u,13
,13
,13
,13
,13
,13
,13
,13
,13
,13
,13
,13
,13
d,13
,13
C,13
,13
B,13
,13
,13
,13
a,13
,13
,13
,13
J,13
K,13
,13
Z,13
,13
,13
O,13
,13
y,13
,13
,13
,13
,13
,13
,13
,13
e,13
,13
C,13
,13
l,13
,14
,14
l,14
D,14
,14
E,14
H,14
F,14
G,14
I,14
],14
o,14
c,14
,14
},14
,14
,14
r,14
w,14
u,14
t,14
,14
q,14
s,14
,14
v,14
,14
,14
,14
o,14
,14
m,14
,14
,14
,14
n,14
,14
,14
,14
,14
D,14
,14
d,14
a,14
,14
`,14
b,14
c,14
z,14
,14
@,14
,14
,14
,14
,14
,14
J,14
,14
,14
w,14
,14
,14
,14
,14
,14
,14
,14
,14
,14
f,14
@,14
,14
,14
,14
,14
,14
,14
,14
,14
,14
,14
,14
,14
,14
,14
,14
,14
,14
,14
,14
,14
,14
,14
,14
B,14
,14
,14
E,14
,14
,14
,14
,14
,14
,14
,14
,14
,14
,14
,14
T,14
,14
|,14
,14
P,14
,14
Y,14
,14
,14
,14
,14
,14
,14
,14
,14
,14
,14
,14
,14
,14
,14
\,14
,14
,14
,14
,14
,14
l,14
,14
,14
,14
,14
,14
],14
,14
,14
m,14
y,14
,14
,14
,14
,14
H,14
B,14
,14
,14
,14
,14
Y,14
,14
,14
R,14
,14
A,14
,14
,14
,14
,14
,14
,14
,14
Q,14
@,14
,14
,14
,14
,14
F,14
,14
o,14
,14
,14
,14
,14
,14
,14
,14
,14
,14
,14
,14
,14
,14
K,14
J,14
L,14
^,14
,14
,14
,14
,14
,14
,14
,14
,14
,14
,14
,14
,14
,14
,14
,14
,14
,14
,14
S,14
,14
i,14
,14
,14
|,14
E,14
,14
[,14
,14
,14
,14
,14
,14
,14
,14
,14
,14
Z,14
,14
,14
,14
,14
,14
,14
,14
,14
,14
,14
,14
,14
,14
e,14
a,14
[,14
_,14
,14
,14
Z,14
b,14
f,14
j,14
,14
,14
\,14
d,14
Y,14
],14
^,14
,14
,14
],14
,14
,14
,14
,14
,14
,14
,14
,14
,14
,14
,14
,14
,14
,14
,14
,14
,14
N,14
O,14
K,14
L,14
M,14
p,14
,14
h,14
i,14
o,14
N,14
,14
,14
f,14
,14
,14
,14
,14
,14
,14
,14
,14
,14
,14
,14
W,14
,14
,14
,14
,14
,14
,14
,14
,14
w,14
,14
,14
,14
,14
,14
,14
,14
,14
X,14
,14
,14
,14
,14
,14
,14
,14
,14
,14
M,14
,14
F,14
s,14
,14
U,14
v,14
,14
r,14
w,14
,14
t,14
u,14
q,14
,14
,14
,14
e,14
,14
,14
q,14
,14
,14
,14
,14
,14
x,14
k,14
m,14
,14
j,14
,14
,14
,14
,14
,14
,14
k,14
K,14
,14
,14
,14
,14
y,14
,14
_,14
g,14
,14
e,14
,14
L,14
,14
,14
,14
,14
,14
,14
,14
K,14
,14
t,14
},14
,14
,14
,14
,14
,14
,14
B,14
G,14
,14
,14
,14
,14
,14
,14
,14
,14
,14
,14
,14
,14
z,14
D,14
E,14
,14
h,14
,14
,14
w,14
,14
,14
,14
,14
,14
@,14
,14
P,14
,14
,14
,14
@,14
,14
K,15
J,15
,15
V,15
M,15
N,15
,15
L,15
z,15
,15
,15
,15
,15
M,15
,15
R,15
,15
,15
},15
{,15
|,15
~,15
\,15
X,15
x,15
y,15
,15
,15
,15
,15
,15
,15
,15
,15
,15
,15
e,15
f,15
,15
h,15
g,15
R,15
,15
,15
,15
,15
,15
,15
,15
,15
,15
,15
,15
,15
C,15
D,15
B,15
_,15
,15
F,15
E,15
A,15
,15
[,15
e,15
O,15
,15
,15
d,15
,15
,15
,15
c,15
|,15
J,15
,15
,15
,15
,15
,15
,15
,15
,15
,15
,15
C,15
Y,15
,15
,15
,15
,15
T,15
,15
,15
Q,15
,15
P,15
,15
,15
,15
d,15
B,15
,15
o,15
h,15
G,15
~,15
,15
b,15
\,15
,15
,15
,15
,15
,15
,15
,15
,15
,15
,15
,15
,15
,15
,15
,15
,15
,15
,15
W,15
,15
,15
,15
,15
,15
,15
,15
~,15
V,15
^,15
,15
n,15
B,15
w,15
,15
,15
,15
,15
N,15
I,15
,15
,15
,15
R,15
K,15
,15
H,15
,15
k,15
E,15
D,15
M,15
G,15
F,15
L,15
,15
C,15
O,15
P,15
,15
n,15
,15
M,15
,15
,15
,15
,15
,15
,15
E,15
,15
,15
,15
,15
,15
,15
,15
,15
,15
,15
,15
,15
,15
,15
m,15
,15
,15
,15
,15
,15
,15
,15
,15
,15
T,15
l,15
j,15
,15
m,15
k,15
e,15
,15
m,15
,15
q,15
~,15
\,15
,15
,15
,15
,15
,15
,15
,15
,15
,15
,15
,15
,15
,15
W,15
,15
g,15
,15
c,15
h,15
j,15
,15
m,15
i,15
,15
,15
,15
l,15
k,15
,15
,15
n,15
l,15
,15
,15
,15
,15
,15
,15
,15
,15
U,15
Q,15
,15
G,15
P,15
S,15
R,15
s,15
,15
,15
,15
H,15
@,15
,15
,15
,15
,15
,15
,15
,15
,15
,15
,15
,15
U,15
,15
,15
,15
,15
,15
,15
,15
,15
I,15
,15
,15
,15
,15
,15
,15
,15
,15
,15
,15
,15
,15
,15
,15
J,15
,15
,15
,15
,15
Z,15
a,15
N,15
,15
,15
b,15
,15
z,15
x,15
k,15
,15
y,15
z,15
,15
_,15
{,15
|,15
,15
,15
y,15
,15
,15
,15
o,15
,15
^,15
,15
,15
,15
,15
,15
,15
,15
,15
,15
,15
,15
,15
,15
H,15
l,15
p,15
n,15
P,15
o,15
r,15
y,15
,15
,15
,15
,15
,15
J,15
I,15
,15
,15
A,15
,15
,15
,15
,15
,15
,15
,15
,15
,15
N,15
,15
,15
,15
s,15
e,15
,15
,15
{,15
,15
,15
k,15
,15
,15
,15
,15
,15
,15
,15
,15
,15
L,15
,15
M,15
{,15
a,15
,15
,15
,15
m,15
,15
,15
l,15
j,15
k,15
i,15
,15
E,15
,15
,15
,15
,15
,15
,15
,15
,15
D,15
,15
,15
,15
,15
,15
,15
n,15
p,15
,15
t,15
,15
,15
,16
Q,16
P,16
O,16
R,16
b,16
p,16
,16
,16
,16
,16
,16
b,16
,16
,16
,16
,16
,16
,16
,16
,16
,16
,16
,16
,16
d,16
,16
,16
,16
i,16
,16
{,16
,16
,16
,16
G,16
H,16
,16
S,16
t,16
,16
,16
,16
,16
e,16
,16
,16
,16
,16
,16
,16
,16
,16
,16
,16
D,16
,16
,16
i,16
,16
,16
,16
,16
,16
^,16
,16
,16
,16
A,16
,16
,16
,16
,16
@,16
,16
,16
,16
,16
,16
,16
,16
M,16
,16
,16
,16
,16
k,16
,16
@,16
,16
,16
,16
,16
,16
`,16
_,16
o,16
p,16
U,16
T,16
V,16
Y,16
b,16
S,16
W,16
,16
,16
Q,16
Z,16
X,16
,16
,16
R,16
,16
,16
,16
,16
,16
,16
,16
,16
b,16
,16
,16
l,16
,16
,16
Z,16
M,16
O,16
N,16
i,16
,16
,16
,16
,16
,16
,16
,16
A,16
@,16
,16
,16
,16
s,16
,16
n,16
,16
,16
,16
M,16
z,16
,16
,16
,16
,16
,16
U,16
,16
,16
,16
,16
,16
u,16
o,16
v,16
r,16
,16
,16
t,16
q,16
w,16
p,16
c,16
D,16
,16
,16
,16
,16
,16
c,16
V,16
W,16
V,16
X,16
j,16
,16
,16
z,16
y,16
,16
,16
@,16
,16
,16
,16
,16
B,16
,16
C,16
,16
,16
,16
,16
n,16
,16
,16
J,16
,16
E,16
d,16
O,16
,16
,16
Z,16
,16
,16
q,16
,16
t,16
,16
,16
,16
O,16
N,16
e,16
,16
,16
,16
,16
,16
,16
,16
,16
,16
~,16
@,16
,16
,16
},16
,16
,16
d,16
,16
,16
w,16
,16
,16
,16
q,16
,16
,16
,16
,16
,16
,16
^,16
S,16
s,16
A,16
u,16
t,16
,16
,16
,16
,16
,16
,16
,16
,16
,16
,16
,16
,16
|,16
K,16
,16
,16
,16
@,16
B,16
,16
A,16
C,16
,16
,16
B,16
,16
,16
^,16
E,16
D,16
F,16
,16
,16
,16
,16
,16
,16
,16
,16
,16
,16
,16
,16
,16
,16
,16
,16
,16
,16
,16
,16
j,16
,16
o,16
,16
,16
,16
,16
`,16
N,16
O,16
P,16
,16
n,16
o,16
p,16
q,16
[,16
,16
,16
,16
,16
,16
,16
,16
,16
,16
,16
,16
,16
,16
,16
,16
,16
,16
,16
,16
,16
,16
,16
,16
f,16
q,16
w,16
,16
,16
,16
S,17
D,17
,17
,17
,17
,17
d,17
,17
,17
,17
,17
,17
,17
,17
,17
l,17
,17
d,17
j,17
m,17
},17
,17
,17
,17
,17
\,17
J,17
,17
,17
,17
,17
,17
E,17
,17
,17
,17
F,17
,17
C,17
[,17
,17
,17
,17
B,17
,17
h,17
,17
,17
,17
,17
@,17
w,17
,17
,17
,17
K,17
a,17
,17
],17
[,17
^,17
a,17
Z,17
,17
G,17
,17
\,17
`,17
,17
_,17
,17
z,17
,17
,17
W,17
,17
,17
C,17
,17
,17
,17
,17
],17
,17
,17
,17
,17
,17
,17
,17
,17
,17
,17
,17
,17
,17
,17
,17
,17
,17
C,17
B,17
,17
U,17
W,17
o,17
n,17
,17
,17
,17
,17
,17
,17
,17
,17
,17
,17
,17
,17
,17
,17
,17
,17
f,17
,17
k,17
s,17
,17
{,17
~,17
|,17
,17
z,17
`,17
,17
},17
x,17
@,17
y,17
,17
,17
,17
,17
,17
,17
,17
,17
Z,17
^,17
[,17
Y,17
^,17
\,17
],17
,17
d,17
_,17
,17
|,17
{,17
,17
P,17
Q,17
D,17
N,17
F,17
H,17
R,17
G,17
K,17
,17
,17
L,17
O,17
E,17
I,17
,17
k,17
,17
,17
,17
,17
,17
,17
,17
,17
,17
,17
,17
,17
,17
,17
,17
,17
,17
,17
P,17
Q,17
,17
,17
,17
,17
,17
,17
,17
,17
,17
u,17
,17
,17
,17
,17
,17
,17
,17
,17
w,17
,17
,17
@,17
D,17
A,17
,17
B,17
C,17
x,17
`,17
w,17
,17
v,17
,17
,17
,17
,17
X,17
,17
d,17
,17
t,17
,17
K,17
b,17
G,17
H,17
L,17
J,17
,17
I,17
,17
,17
,17
,17
,17
,17
,17
,17
,17
,17
,17
,17
,17
,17
,17
f,17
,17
p,17
,17
F,17
R,17
S,17
U,17
Q,17
T,17
d,17
s,17
r,17
x,17
t,17
,17
,17
,17
,17
L,17
,17
N,17
,17
,17
,17
,17
,17
,17
,17
,17
g,17
u,17
,17
x,17
z,17
y,17
,17
,17
V,17
,17
,17
,17
,18
p,18
,18
,18
,18
R,18
,18
,18
,18
F,18
,18
,18
,18
,18
,18
,18
,18
,18
,18
,18
,18
,18
,18
C,18
j,18
N,18
G,18
,18
F,18
E,18
B,18
,18
D,18
C,18
b,18
d,18
q,18
,18
d,18
h,18
f,18
b,18
c,18
g,18
e,18
,18
,18
,18
,18
,18
,18
Q,18
P,18
,18
,18
,18
,18
u,18
,18
,18
,18
,18
D,18
b,18
F,18
E,18
X,18
p,18
q,18
,18
n,18
,18
,18
,18
,18
,18
,18
,18
,18
J,18
D,18
U,18
,18
,18
,18
,18
,18
,18
,18
,18
,18
|,18
,18
E,18
`,18
a,18
,18
p,18
},18
F,18
,18
V,18
T,18
m,18
S,18
,18
U,18
W,18
,18
,18
,18
,18
,18
,18
,18
,18
,18
,18
R,18
,18
[,18
,18
,18
,18
T,18
,18
,18
,18
,18
,18
,18
,18
,18
J,18
E,18
,18
G,18
I,18
F,18
{,18
z,18
y,18
,18
,18
,18
,18
,18
,18
,18
O,18
,18
,18
,18
Z,18
M,18
N,18
,18
L,18
P,18
,18
,18
,18
,18
,18
,18
,18
,18
,18
,18
,18
,18
,18
,18
,18
,18
z,18
{,18
,18
,18
,18
,18
V,18
W,18
e,18
w,18
v,18
R,18
u,18
,18
,18
,18
,18
,18
,18
,18
,18
,18
,18
,18
,18
,18
,18
,18
,18
D,18
C,18
E,18
L,18
@,18
A,18
,18
,18
B,18
h,18
,18
{,18
,18
,18
,19
,19
,19
,19
,19
n,19
,19
,19
I,19
,19
,19
,19
,19
D,19
I,19
E,19
L,19
,19
H,19
J,19
s,19
J,19
m,19
m,19
j,19
i,19
l,19
,19
,19
,19
,19
,19
,19
,19
,19
,19
,19
,19
,19
A,19
d,19
e,19
,19
,19
G,19
H,19
r,19
,19
,19
,19
,19
,19
,19
,19
q,19
,19
,19
J,19
,19
,19
,19
,19
,19
,19
,19
,19
c,19
,19
~,19
,19
X,19
[,19
Y,19
Z,19
M,19
,19
,19
,19
,19
I,19
a,19
,19
,19
,19
,19
,19
,19
A,19
@,19
e,19
I,19
,19
,19
,19
,19
,19
,19
,19
,19
,19
,19
x,19
,19
,19
L,19
R,19
K,19
M,19
_,19
Q,19
|,19
,19
,19
V,19
Y,19
X,19
L,19
Q,19
R,19
U,19
W,19
,19
Z,19
T,19
S,19
,19
,19
,19
,19
,19
r,19
,19
,19
,19
,19
C,19
,19
^,19
X,19
Y,19
Z,19
x,19
,19
,19
,19
I,19
,19
,19
,19
,19
,19
~,19
,19
,19
,19
,19
Q,19
J,19
F,19
K,19
H,19
G,19
{,19
k,19
i,19
[,19
j,19
,19
,19
,19
,20
,20
,20
,20
,20
q,20
o,20
p,20
,20
,20
,20
L,20
,20
,20
,20
F,20
O,20
,20
M,20
,20
n,20
o,20
q,20
p,20
,20
,20
,20
,20
,20
,20
,20
,20
I,20
H,20
,20
,20
,20
,20
,20
,20
,20
,20
,20
,20
,20
[,20
,20
,20
s,20
,20
b,20
e,20
,20
,20
\,20
a,20
`,20
A,20
b,20
h,20
],20
_,20
^,20
c,20
,20
,20
,20
C,20
B,20
S,20
\,20
,20
,20
,20
,20
c,20
,20
,20
,20
,20
,20
N,20
Q,20
P,20
O,20
\,20
},20
,20
,20
,20
,20
,20
^,20
_,20
`,20
],20
\,20
,20
,20
[,20
d,20
,20
,20
I,20
,20
H,20
G,20
\,20
[,20
],20
y,20
,20
z,20
,20
,20
,20
,20
,20
,20
,20
,20
k,20
,20
,20
,20
,20
,20
L,20
M,20
N,20
I,20
c,20
,20
|,20
},20
,20
,20
,20
,20
U,21
T,21
,21
,21
,21
,21
,21
,21
,21
J,21
,21
,21
,21
,21
,21
G,21
Q,21
N,21
O,21
r,21
,21
,21
,21
,21
,21
,21
,21
},21
,21
,21
,21
,21
,21
,21
,21
,21
Z,21
,21
,21
,21
,21
P,21
A,21
d,21
,21
e,21
,21
,21
y,21
D,21
T,21
,21
,21
,21
,21
,21
S,21
R,21
,21
~,21
,21
,21
,21
,21
b,21
c,21
a,21
,21
e,21
,21
,21
P,21
,21
,21
I,21
,21
^,21
a,21
],21
_,21
`,21
,21
},21
|,21
~,21
{,21
,21
,21
,21
,21
,21
,21
,21
h,21
,21
,21
,21
O,21
,21
S,21
T,21
R,21
Q,21
W,21
P,21
U,21
V,21
l,21
~,21
,21
,21
,21
s,21
W,22
V,22
X,22
,22
,22
,22
,22
],22
,22
,22
,22
c,22
r,22
,22
h,22
g,22
,22
Y,22
t,22
,22
^,22
,22
,22
,22
,22
,22
,22
,22
,22
W,22
f,22
,22
P,22
E,22
F,22
U,22
,22
],22
,22
,22
U,22
T,22
V,22
D,22
,22
f,22
h,22
g,22
,22
,22
,22
,22
,22
b,22
,22
,22
,22
,22
,22
,22
,22
,22
,22
V,22
,22
,22
,22
L,22
Y,22
X,22
,22
,22
,22
,23
,23
,23
,23
R,23
,23
,23
,23
,23
,23
,23
f,23
,23
,23
,23
,23
Q,23
W,23
,23
,23
,23
,23
s,23
i,23
l,23
j,23
k,23
,23
,23
,23
,23
,23
,23
,23
,23
,23
,23
,23
,23
[,23
\,23
],23
h,23
Z,23
,23
,23
v,23
,23
,23
,24
,24
,24
,24
,24
,24
,24
,24
,24
,24
,24
,24
,24
,24
`,24
,24
m,24
,24
,24
,24
,24
,24
,24
,24
,24
,24
,24
,24
,24
,24
^,24
,24
d,24
,24
,24
,24
,24
K,25
S,25
s,25
,25
,25
,25
g,25
,25
J,25
V,25
,25
Y,25
,25
o,25
,25
@,25
,25
s,25
,25
T,26
,26
,26
p,26
q,26
,26
,26
,26
,26
,27
X,27
t,27
r,27
u,27
w,27
B,27
A,27
,27
,27
,27
,27
v,28
,28
_,28
U,29
,29
,29
T,29
`,29
,30
a,30
